APC/10x45MR-PERF.PE0
 2           ! Nblades

 -0.00    6.8   ! CL0     CL_a
 -0.9 0.9 ! CLmin   CLmax

 0.009  0.009  -0.00   ! CD0    CD2    CLCD0
 70000  -0.7          ! REref  REexp

 0.0254  0.0254  1.0  ! Rfac   Cfac   Bfac
 0.0     0.0     0.0  ! Radd   Cadd   Badd

# r  chord  beta  CL0  CL_a  CLmin CLmax  CD0   CD2u   CD2l   CLCD0  REref  REexp
 0.80  0.74  34.26  -0.00  6.81  -0.92  0.92  0.009  0.009  0.009  -0.00  291054.44  -0.50
 0.94  0.84  34.67  0.00  6.94  -0.89  0.89  0.007  0.011  0.011  -0.00  380099.67  -0.50
 1.09  0.92  33.57  0.00  6.82  -0.87  0.87  0.006  0.012  0.012  -0.00  474395.37  -0.50
 1.23  1.00  30.27  0.01  6.70  -0.86  0.82  0.005  0.014  0.014  -0.00  574039.75  -0.50
 1.38  1.04  27.53  0.01  6.61  -0.86  0.86  0.005  0.015  0.015  -0.00  660727.90  -0.50
 1.52  1.06  25.42  0.00  6.57  -0.86  0.86  0.004  0.015  0.015  -0.00  741392.43  -0.50
 1.67  1.08  23.45  0.00  6.54  -0.86  0.77  0.004  0.016  0.015  -0.00  822034.83  -0.50
 1.81  1.09  21.65  0.00  6.60  -0.86  0.86  0.004  0.015  0.015  -0.00  901107.57  -0.50
 1.96  1.10  20.10  0.00  6.53  -0.86  0.86  0.004  0.015  0.015  -0.00  976874.39  -0.50
 2.10  1.10  18.81  0.00  6.45  -0.86  0.81  0.004  0.015  0.015  -0.00  1047076.82  -0.50
 2.25  1.09  17.69  0.00  6.48  -0.86  0.86  0.004  0.015  0.015  -0.00  1106491.41  -0.50
 2.39  1.07  16.68  0.00  6.45  -0.86  0.86  0.004  0.015  0.015  -0.00  1154641.11  -0.50
 2.54  1.05  15.77  0.00  6.42  -0.86  0.86  0.004  0.015  0.015  -0.00  1193114.45  -0.50
 2.68  1.02  14.96  0.00  6.48  -0.86  0.86  0.004  0.015  0.015  -0.00  1224259.38  -0.50
 2.83  0.99  14.22  0.00  6.42  -0.86  0.86  0.004  0.015  0.015  -0.00  1251185.23  -0.50
 2.97  0.96  13.54  0.02  6.36  -0.85  0.88  0.004  0.015  0.015  0.02  1275485.45  -0.50
 3.12  0.93  12.93  0.04  6.33  -0.83  0.89  0.004  0.015  0.015  0.03  1290440.49  -0.50
 3.26  0.89  12.38  0.06  6.26  -0.81  0.91  0.004  0.015  0.015  0.05  1295853.19  -0.50
 3.41  0.85  11.87  0.08  6.26  -0.80  0.83  0.004  0.016  0.015  0.07  1292746.58  -0.50
 3.55  0.81  11.40  0.10  6.23  -0.78  0.94  0.004  0.016  0.015  0.09  1282436.06  -0.50
 3.70  0.77  10.96  0.12  6.17  -0.72  0.96  0.004  0.016  0.015  0.11  1265133.85  -0.50
 3.84  0.72  10.56  0.14  6.16  -0.75  0.98  0.004  0.016  0.015  0.13  1237614.10  -0.50
 3.99  0.67  10.19  0.16  6.15  -0.73  0.95  0.004  0.016  0.016  0.14  1200420.97  -0.50
 4.13  0.63  9.84  0.18  6.14  -0.72  0.96  0.004  0.017  0.016  0.16  1154635.70  -0.50
 4.28  0.58  9.51  0.19  6.10  -0.70  1.02  0.004  0.017  0.017  0.18  1103350.43  -0.50
 4.42  0.53  9.20  0.21  6.09  -0.69  0.94  0.004  0.018  0.017  0.20  1049709.29  -0.50
 4.57  0.48  8.92  0.23  6.07  -0.63  1.05  0.004  0.018  0.027  0.22  978561.91  -0.50
 4.71  0.42  8.64  0.24  6.04  -0.63  1.06  0.004  0.019  0.023  0.24  873713.82  -0.50
 4.86  0.33  8.39  0.25  6.01  -0.51  1.05  0.004  0.017  0.035  0.18  708545.38  -0.50
 5.00  0.00  8.18  0.08  4.05  -0.47  0.92  0.024  0.050  0.297  -0.05  20000.00  -0.50